<!DOCTYPE html>

<html xmlns="http://www.w3.org/1999/xhtml">

<head>

<meta charset="utf-8">
<meta http-equiv="Content-Type" content="text/html; charset=utf-8" />
<meta name="generator" content="pandoc" />

<meta name="viewport" content="width=device-width, initial-scale=1">

<meta name="author" content="Achmad Fauzi Bagus F" />


<title>Advance Clustering</title>



<style type="text/css">code{white-space: pre;}</style>
<style type="text/css">
div.sourceCode { overflow-x: auto; }
table.sourceCode, tr.sourceCode, td.lineNumbers, td.sourceCode {
  margin: 0; padding: 0; vertical-align: baseline; border: none; }
table.sourceCode { width: 100%; line-height: 100%; }
td.lineNumbers { text-align: right; padding-right: 4px; padding-left: 4px; color: #aaaaaa; border-right: 1px solid #aaaaaa; }
td.sourceCode { padding-left: 5px; }
code > span.kw { color: #007020; font-weight: bold; } /* Keyword */
code > span.dt { color: #902000; } /* DataType */
code > span.dv { color: #40a070; } /* DecVal */
code > span.bn { color: #40a070; } /* BaseN */
code > span.fl { color: #40a070; } /* Float */
code > span.ch { color: #4070a0; } /* Char */
code > span.st { color: #4070a0; } /* String */
code > span.co { color: #60a0b0; font-style: italic; } /* Comment */
code > span.ot { color: #007020; } /* Other */
code > span.al { color: #ff0000; font-weight: bold; } /* Alert */
code > span.fu { color: #06287e; } /* Function */
code > span.er { color: #ff0000; font-weight: bold; } /* Error */
code > span.wa { color: #60a0b0; font-weight: bold; font-style: italic; } /* Warning */
code > span.cn { color: #880000; } /* Constant */
code > span.sc { color: #4070a0; } /* SpecialChar */
code > span.vs { color: #4070a0; } /* VerbatimString */
code > span.ss { color: #bb6688; } /* SpecialString */
code > span.im { } /* Import */
code > span.va { color: #19177c; } /* Variable */
code > span.cf { color: #007020; font-weight: bold; } /* ControlFlow */
code > span.op { color: #666666; } /* Operator */
code > span.bu { } /* BuiltIn */
code > span.ex { } /* Extension */
code > span.pp { color: #bc7a00; } /* Preprocessor */
code > span.at { color: #7d9029; } /* Attribute */
code > span.do { color: #ba2121; font-style: italic; } /* Documentation */
code > span.an { color: #60a0b0; font-weight: bold; font-style: italic; } /* Annotation */
code > span.cv { color: #60a0b0; font-weight: bold; font-style: italic; } /* CommentVar */
code > span.in { color: #60a0b0; font-weight: bold; font-style: italic; } /* Information */
</style>



<link href="data:text/css;charset=utf-8,body%20%7B%0Abackground%2Dcolor%3A%20%23fff%3B%0Amargin%3A%201em%20auto%3B%0Amax%2Dwidth%3A%20700px%3B%0Aoverflow%3A%20visible%3B%0Apadding%2Dleft%3A%202em%3B%0Apadding%2Dright%3A%202em%3B%0Afont%2Dfamily%3A%20%22Open%20Sans%22%2C%20%22Helvetica%20Neue%22%2C%20Helvetica%2C%20Arial%2C%20sans%2Dserif%3B%0Afont%2Dsize%3A%2014px%3B%0Aline%2Dheight%3A%201%2E35%3B%0A%7D%0A%23header%20%7B%0Atext%2Dalign%3A%20center%3B%0A%7D%0A%23TOC%20%7B%0Aclear%3A%20both%3B%0Amargin%3A%200%200%2010px%2010px%3B%0Apadding%3A%204px%3B%0Awidth%3A%20400px%3B%0Aborder%3A%201px%20solid%20%23CCCCCC%3B%0Aborder%2Dradius%3A%205px%3B%0Abackground%2Dcolor%3A%20%23f6f6f6%3B%0Afont%2Dsize%3A%2013px%3B%0Aline%2Dheight%3A%201%2E3%3B%0A%7D%0A%23TOC%20%2Etoctitle%20%7B%0Afont%2Dweight%3A%20bold%3B%0Afont%2Dsize%3A%2015px%3B%0Amargin%2Dleft%3A%205px%3B%0A%7D%0A%23TOC%20ul%20%7B%0Apadding%2Dleft%3A%2040px%3B%0Amargin%2Dleft%3A%20%2D1%2E5em%3B%0Amargin%2Dtop%3A%205px%3B%0Amargin%2Dbottom%3A%205px%3B%0A%7D%0A%23TOC%20ul%20ul%20%7B%0Amargin%2Dleft%3A%20%2D2em%3B%0A%7D%0A%23TOC%20li%20%7B%0Aline%2Dheight%3A%2016px%3B%0A%7D%0Atable%20%7B%0Amargin%3A%201em%20auto%3B%0Aborder%2Dwidth%3A%201px%3B%0Aborder%2Dcolor%3A%20%23DDDDDD%3B%0Aborder%2Dstyle%3A%20outset%3B%0Aborder%2Dcollapse%3A%20collapse%3B%0A%7D%0Atable%20th%20%7B%0Aborder%2Dwidth%3A%202px%3B%0Apadding%3A%205px%3B%0Aborder%2Dstyle%3A%20inset%3B%0A%7D%0Atable%20td%20%7B%0Aborder%2Dwidth%3A%201px%3B%0Aborder%2Dstyle%3A%20inset%3B%0Aline%2Dheight%3A%2018px%3B%0Apadding%3A%205px%205px%3B%0A%7D%0Atable%2C%20table%20th%2C%20table%20td%20%7B%0Aborder%2Dleft%2Dstyle%3A%20none%3B%0Aborder%2Dright%2Dstyle%3A%20none%3B%0A%7D%0Atable%20thead%2C%20table%20tr%2Eeven%20%7B%0Abackground%2Dcolor%3A%20%23f7f7f7%3B%0A%7D%0Ap%20%7B%0Amargin%3A%200%2E5em%200%3B%0A%7D%0Ablockquote%20%7B%0Abackground%2Dcolor%3A%20%23f6f6f6%3B%0Apadding%3A%200%2E25em%200%2E75em%3B%0A%7D%0Ahr%20%7B%0Aborder%2Dstyle%3A%20solid%3B%0Aborder%3A%20none%3B%0Aborder%2Dtop%3A%201px%20solid%20%23777%3B%0Amargin%3A%2028px%200%3B%0A%7D%0Adl%20%7B%0Amargin%2Dleft%3A%200%3B%0A%7D%0Adl%20dd%20%7B%0Amargin%2Dbottom%3A%2013px%3B%0Amargin%2Dleft%3A%2013px%3B%0A%7D%0Adl%20dt%20%7B%0Afont%2Dweight%3A%20bold%3B%0A%7D%0Aul%20%7B%0Amargin%2Dtop%3A%200%3B%0A%7D%0Aul%20li%20%7B%0Alist%2Dstyle%3A%20circle%20outside%3B%0A%7D%0Aul%20ul%20%7B%0Amargin%2Dbottom%3A%200%3B%0A%7D%0Apre%2C%20code%20%7B%0Abackground%2Dcolor%3A%20%23f7f7f7%3B%0Aborder%2Dradius%3A%203px%3B%0Acolor%3A%20%23333%3B%0Awhite%2Dspace%3A%20pre%2Dwrap%3B%20%0A%7D%0Apre%20%7B%0Aborder%2Dradius%3A%203px%3B%0Amargin%3A%205px%200px%2010px%200px%3B%0Apadding%3A%2010px%3B%0A%7D%0Apre%3Anot%28%5Bclass%5D%29%20%7B%0Abackground%2Dcolor%3A%20%23f7f7f7%3B%0A%7D%0Acode%20%7B%0Afont%2Dfamily%3A%20Consolas%2C%20Monaco%2C%20%27Courier%20New%27%2C%20monospace%3B%0Afont%2Dsize%3A%2085%25%3B%0A%7D%0Ap%20%3E%20code%2C%20li%20%3E%20code%20%7B%0Apadding%3A%202px%200px%3B%0A%7D%0Adiv%2Efigure%20%7B%0Atext%2Dalign%3A%20center%3B%0A%7D%0Aimg%20%7B%0Abackground%2Dcolor%3A%20%23FFFFFF%3B%0Apadding%3A%202px%3B%0Aborder%3A%201px%20solid%20%23DDDDDD%3B%0Aborder%2Dradius%3A%203px%3B%0Aborder%3A%201px%20solid%20%23CCCCCC%3B%0Amargin%3A%200%205px%3B%0A%7D%0Ah1%20%7B%0Amargin%2Dtop%3A%200%3B%0Afont%2Dsize%3A%2035px%3B%0Aline%2Dheight%3A%2040px%3B%0A%7D%0Ah2%20%7B%0Aborder%2Dbottom%3A%204px%20solid%20%23f7f7f7%3B%0Apadding%2Dtop%3A%2010px%3B%0Apadding%2Dbottom%3A%202px%3B%0Afont%2Dsize%3A%20145%25%3B%0A%7D%0Ah3%20%7B%0Aborder%2Dbottom%3A%202px%20solid%20%23f7f7f7%3B%0Apadding%2Dtop%3A%2010px%3B%0Afont%2Dsize%3A%20120%25%3B%0A%7D%0Ah4%20%7B%0Aborder%2Dbottom%3A%201px%20solid%20%23f7f7f7%3B%0Amargin%2Dleft%3A%208px%3B%0Afont%2Dsize%3A%20105%25%3B%0A%7D%0Ah5%2C%20h6%20%7B%0Aborder%2Dbottom%3A%201px%20solid%20%23ccc%3B%0Afont%2Dsize%3A%20105%25%3B%0A%7D%0Aa%20%7B%0Acolor%3A%20%230033dd%3B%0Atext%2Ddecoration%3A%20none%3B%0A%7D%0Aa%3Ahover%20%7B%0Acolor%3A%20%236666ff%3B%20%7D%0Aa%3Avisited%20%7B%0Acolor%3A%20%23800080%3B%20%7D%0Aa%3Avisited%3Ahover%20%7B%0Acolor%3A%20%23BB00BB%3B%20%7D%0Aa%5Bhref%5E%3D%22http%3A%22%5D%20%7B%0Atext%2Ddecoration%3A%20underline%3B%20%7D%0Aa%5Bhref%5E%3D%22https%3A%22%5D%20%7B%0Atext%2Ddecoration%3A%20underline%3B%20%7D%0A%0Acode%20%3E%20span%2Ekw%20%7B%20color%3A%20%23555%3B%20font%2Dweight%3A%20bold%3B%20%7D%20%0Acode%20%3E%20span%2Edt%20%7B%20color%3A%20%23902000%3B%20%7D%20%0Acode%20%3E%20span%2Edv%20%7B%20color%3A%20%2340a070%3B%20%7D%20%0Acode%20%3E%20span%2Ebn%20%7B%20color%3A%20%23d14%3B%20%7D%20%0Acode%20%3E%20span%2Efl%20%7B%20color%3A%20%23d14%3B%20%7D%20%0Acode%20%3E%20span%2Ech%20%7B%20color%3A%20%23d14%3B%20%7D%20%0Acode%20%3E%20span%2Est%20%7B%20color%3A%20%23d14%3B%20%7D%20%0Acode%20%3E%20span%2Eco%20%7B%20color%3A%20%23888888%3B%20font%2Dstyle%3A%20italic%3B%20%7D%20%0Acode%20%3E%20span%2Eot%20%7B%20color%3A%20%23007020%3B%20%7D%20%0Acode%20%3E%20span%2Eal%20%7B%20color%3A%20%23ff0000%3B%20font%2Dweight%3A%20bold%3B%20%7D%20%0Acode%20%3E%20span%2Efu%20%7B%20color%3A%20%23900%3B%20font%2Dweight%3A%20bold%3B%20%7D%20%20code%20%3E%20span%2Eer%20%7B%20color%3A%20%23a61717%3B%20background%2Dcolor%3A%20%23e3d2d2%3B%20%7D%20%0A" rel="stylesheet" type="text/css" />

</head>

<body>




<h1 class="title toc-ignore">Advance Clustering</h1>
<h4 class="author"><em>Achmad Fauzi Bagus F</em></h4>
<h4 class="date"><em>September 3rd, 2016</em></h4>



<p><code>advclust</code> is package for advance clustering. Right now <code>advclust</code> provide several Fuzzy Clustering and Consensus Fuzzy Clustering. This package use Object Oriented Programming (S4 for R). Several Algorithms that provided by this package are: - Fuzzy C-Means (FCM) - Gustafson Kessel (GK) - Gath Geva (GG) - Sum Voting Consensus - Product Voting Consensus - Borda Voting Consensus</p>
<div id="fuzzy-clustering-analysis" class="section level2">
<h2>Fuzzy Clustering Analysis</h2>
<div id="fuzzy-c-means" class="section level3">
<h3>Fuzzy C-Means</h3>
<p><code>fuzzy.CM()</code> perform fuzzy c-means analysis. More description of this function (parameter setting, description, and return value) explained via <code>?fuzzy.CM</code> This algorithm used to get sperichal cluster</p>
<div class="sourceCode"><pre class="sourceCode r"><code class="sourceCode r"><span class="kw">library</span>(advclust)
<span class="kw">data</span>(iris)
<span class="kw">fuzzy.CM</span>(<span class="dt">X=</span>iris[,<span class="dv">1</span>:<span class="dv">4</span>],<span class="dt">K =</span> <span class="dv">3</span>,<span class="dt">m =</span> <span class="dv">2</span>,<span class="dt">RandomNumber =</span> <span class="dv">1234</span>)-&gt;cl_CM</code></pre></div>
<pre><code>## Maximum Iteration 1000 will be used.
## Default threshold 1e-9 will be used.
## 
## Membership initialiazed randomly
## 
## 
 iteration:  1
 iteration:  2
 iteration:  3
 iteration:  4
 iteration:  5
 iteration:  6
 iteration:  7
 iteration:  8
 iteration:  9
 iteration:  10
 iteration:  11
 iteration:  12
 iteration:  13
 iteration:  14
 iteration:  15
 iteration:  16
 iteration:  17
 iteration:  18
 iteration:  19
 iteration:  20
 iteration:  21
 iteration:  22
 iteration:  23
 iteration:  24
 iteration:  25
 iteration:  26
 iteration:  27
 iteration:  28
 iteration:  29
 iteration:  30
 iteration:  31
 iteration:  32
 iteration:  33
 iteration:  34
 iteration:  35
 iteration:  36
 iteration:  37
 iteration:  38
 iteration:  39
 iteration:  40
 iteration:  41
 iteration:  42
 iteration:  43
 iteration:  44
 iteration:  45
 iteration:  46
 iteration:  47
 iteration:  48
 iteration:  49
## Finish :)</code></pre>
<div class="sourceCode"><pre class="sourceCode r"><code class="sourceCode r"><span class="kw">show</span>(cl_CM)</code></pre></div>
<pre><code>## Function call: fuzzy.CM(X = iris[, 1:4], K = 3, m = 2, RandomNumber = 1234)
## Fuzzy C-Means
## Function objective: 60.5057106294886
## Membership &amp; Label Matrix:
## 
##            Cluster 1   Cluster 2   Cluster 3   Label
## --------  ----------  ----------  ----------  ------
## Obs 1          0.002       0.997       0.001       2
## Obs 2          0.017       0.976       0.007       2
## Obs 3          0.014       0.980       0.006       2
## Obs 4          0.022       0.967       0.010       2
## Obs 5          0.004       0.994       0.002       2
## Obs 6          0.045       0.935       0.021       2
## Obs 7          0.014       0.979       0.007       2
## Obs 8          0.000       1.000       0.000       2
## Obs 9          0.048       0.930       0.022       2
## Obs 10         0.012       0.983       0.005       2
## Obs 11         0.022       0.968       0.010       2
## Obs 12         0.005       0.992       0.002       2
## Obs 13         0.020       0.971       0.009       2
## Obs 14         0.052       0.923       0.025       2
## Obs 15         0.073       0.890       0.038       2
## Obs 16         0.104       0.841       0.054       2
## Obs 17         0.036       0.947       0.017       2
## Obs 18         0.002       0.997       0.001       2
## Obs 19         0.066       0.904       0.030       2
## Obs 20         0.014       0.979       0.007       2
## Obs 21         0.022       0.969       0.010       2
## Obs 22         0.010       0.985       0.005       2
## Obs 23         0.028       0.959       0.014       2
## Obs 24         0.014       0.979       0.006       2
## Obs 25         0.023       0.967       0.010       2
## Obs 26         0.018       0.974       0.008       2
## Obs 27         0.004       0.995       0.002       2
## Obs 28         0.005       0.993       0.002       2
## Obs 29         0.004       0.994       0.002       2
## Obs 30         0.014       0.980       0.006       2
## Obs 31         0.015       0.979       0.006       2
## Obs 32         0.018       0.974       0.008       2
## Obs 33         0.041       0.939       0.020       2
## Obs 34         0.063       0.904       0.032       2
## Obs 35         0.010       0.985       0.005       2
## Obs 36         0.010       0.985       0.005       2
## Obs 37         0.024       0.964       0.012       2
## Obs 38         0.006       0.991       0.003       2
## Obs 39         0.041       0.940       0.019       2
## Obs 40         0.001       0.998       0.001       2
## Obs 41         0.004       0.995       0.002       2
## Obs 42         0.102       0.851       0.047       2
## Obs 43         0.032       0.953       0.015       2
## Obs 44         0.014       0.979       0.006       2
## Obs 45         0.038       0.945       0.017       2
## Obs 46         0.019       0.972       0.009       2
## Obs 47         0.016       0.977       0.007       2
## Obs 48         0.018       0.974       0.008       2
## Obs 49         0.016       0.977       0.007       2
## Obs 50         0.002       0.997       0.001       2
## Obs 51         0.454       0.045       0.501       3
## Obs 52         0.764       0.029       0.207       1
## Obs 53         0.369       0.031       0.600       3
## Obs 54         0.870       0.049       0.080       1
## Obs 55         0.759       0.024       0.217       1
## Obs 56         0.974       0.006       0.020       1
## Obs 57         0.673       0.030       0.297       1
## Obs 58         0.583       0.285       0.132       1
## Obs 59         0.721       0.031       0.248       1
## Obs 60         0.831       0.075       0.095       1
## Obs 61         0.637       0.218       0.145       1
## Obs 62         0.962       0.009       0.029       1
## Obs 63         0.843       0.056       0.101       1
## Obs 64         0.900       0.012       0.088       1
## Obs 65         0.816       0.092       0.092       1
## Obs 66         0.690       0.042       0.268       1
## Obs 67         0.933       0.014       0.053       1
## Obs 68         0.926       0.026       0.048       1
## Obs 69         0.835       0.027       0.137       1
## Obs 70         0.878       0.052       0.071       1
## Obs 71         0.722       0.028       0.251       1
## Obs 72         0.934       0.019       0.046       1
## Obs 73         0.705       0.024       0.271       1
## Obs 74         0.903       0.014       0.083       1
## Obs 75         0.876       0.023       0.101       1
## Obs 76         0.755       0.034       0.211       1
## Obs 77         0.524       0.034       0.443       1
## Obs 78         0.306       0.021       0.672       3
## Obs 79         0.969       0.005       0.026       1
## Obs 80         0.767       0.128       0.105       1
## Obs 81         0.832       0.078       0.090       1
## Obs 82         0.795       0.104       0.101       1
## Obs 83         0.919       0.031       0.050       1
## Obs 84         0.656       0.024       0.320       1
## Obs 85         0.891       0.026       0.082       1
## Obs 86         0.797       0.032       0.171       1
## Obs 87         0.555       0.033       0.411       1
## Obs 88         0.858       0.027       0.115       1
## Obs 89         0.929       0.024       0.047       1
## Obs 90         0.899       0.038       0.062       1
## Obs 91         0.931       0.020       0.049       1
## Obs 92         0.916       0.012       0.073       1
## Obs 93         0.936       0.023       0.042       1
## Obs 94         0.598       0.269       0.133       1
## Obs 95         0.959       0.013       0.028       1
## Obs 96         0.946       0.017       0.038       1
## Obs 97         0.967       0.010       0.023       1
## Obs 98         0.944       0.011       0.045       1
## Obs 99         0.520       0.355       0.125       1
## Obs 100        0.961       0.013       0.027       1
## Obs 101        0.121       0.019       0.860       3
## Obs 102        0.616       0.029       0.355       1
## Obs 103        0.038       0.006       0.956       3
## Obs 104        0.142       0.013       0.846       3
## Obs 105        0.038       0.005       0.958       3
## Obs 106        0.153       0.035       0.812       3
## Obs 107        0.760       0.073       0.167       1
## Obs 108        0.115       0.022       0.863       3
## Obs 109        0.117       0.014       0.869       3
## Obs 110        0.115       0.024       0.861       3
## Obs 111        0.210       0.017       0.773       3
## Obs 112        0.223       0.016       0.761       3
## Obs 113        0.010       0.001       0.989       3
## Obs 114        0.660       0.034       0.306       1
## Obs 115        0.461       0.038       0.501       3
## Obs 116        0.136       0.014       0.850       3
## Obs 117        0.080       0.007       0.913       3
## Obs 118        0.186       0.051       0.764       3
## Obs 119        0.193       0.049       0.758       3
## Obs 120        0.711       0.032       0.257       1
## Obs 121        0.026       0.004       0.970       3
## Obs 122        0.707       0.034       0.259       1
## Obs 123        0.175       0.042       0.783       3
## Obs 124        0.596       0.023       0.381       1
## Obs 125        0.022       0.003       0.975       3
## Obs 126        0.075       0.013       0.912       3
## Obs 127        0.708       0.021       0.271       1
## Obs 128        0.647       0.023       0.330       1
## Obs 129        0.083       0.008       0.909       3
## Obs 130        0.095       0.014       0.891       3
## Obs 131        0.107       0.020       0.873       3
## Obs 132        0.189       0.051       0.760       3
## Obs 133        0.085       0.009       0.906       3
## Obs 134        0.540       0.023       0.436       1
## Obs 135        0.393       0.031       0.576       3
## Obs 136        0.132       0.029       0.840       3
## Obs 137        0.129       0.017       0.854       3
## Obs 138        0.110       0.010       0.880       3
## Obs 139        0.750       0.022       0.228       1
## Obs 140        0.029       0.003       0.968       3
## Obs 141        0.038       0.005       0.957       3
## Obs 142        0.129       0.015       0.855       3
## Obs 143        0.616       0.029       0.355       1
## Obs 144        0.034       0.005       0.961       3
## Obs 145        0.063       0.010       0.927       3
## Obs 146        0.106       0.011       0.882       3
## Obs 147        0.508       0.026       0.467       1
## Obs 148        0.156       0.012       0.831       3
## Obs 149        0.189       0.022       0.789       3
## Obs 150        0.582       0.027       0.391       1
## 
## Centroid:
## 
##              Sepal.Length   Sepal.Width   Petal.Length   Petal.Width
## ----------  -------------  ------------  -------------  ------------
## Cluster 1           5.889         2.761          4.364         1.397
## Cluster 2           5.004         3.414          1.483         0.254
## Cluster 3           6.775         3.052          5.647         2.054</code></pre>
</div>
<div id="gustafson-kessel" class="section level3">
<h3>Gustafson Kessel</h3>
<p><code>fuzzy.GK()</code> perform Gustafson Kessel analysis. More description of this function (parameter setting, description, and return value) explained via <code>?fuzzy.GK</code>. This algorithm used to get ellipsodial and sperichal cluster</p>
<div class="sourceCode"><pre class="sourceCode r"><code class="sourceCode r"><span class="kw">library</span>(advclust)
<span class="kw">data</span>(iris)
<span class="kw">fuzzy.GK</span>(<span class="dt">X=</span>iris[,<span class="dv">1</span>:<span class="dv">4</span>],<span class="dt">K =</span> <span class="dv">3</span>,<span class="dt">m =</span> <span class="dv">2</span>,<span class="dt">RandomNumber =</span> <span class="dv">1234</span>)-&gt;cl_GK</code></pre></div>
<pre><code>## Default Gamma (0) will be used
## Default rho will be used
## Maximum Iteration 1000 will be used.
## Default threshold 1e-9 will be used.
## 
## Membership initialiazed randomly
## 
## 
 iteration:  1
 iteration:  2
 iteration:  3
 iteration:  4
 iteration:  5
 iteration:  6
 iteration:  7
 iteration:  8
 iteration:  9
 iteration:  10
 iteration:  11
 iteration:  12
 iteration:  13
 iteration:  14
 iteration:  15
 iteration:  16
 iteration:  17
 iteration:  18
 iteration:  19
 iteration:  20
 iteration:  21
 iteration:  22
 iteration:  23
 iteration:  24
 iteration:  25
 iteration:  26
 iteration:  27
 iteration:  28
 iteration:  29
 iteration:  30
 iteration:  31
 iteration:  32
 iteration:  33
 iteration:  34
 iteration:  35
 iteration:  36
 iteration:  37
 iteration:  38
 iteration:  39
 iteration:  40
 iteration:  41
 iteration:  42
 iteration:  43
 iteration:  44
 iteration:  45
 iteration:  46
 iteration:  47
 iteration:  48
 iteration:  49
 iteration:  50
 iteration:  51
 iteration:  52
 iteration:  53
 iteration:  54
 iteration:  55
 iteration:  56
 iteration:  57
 iteration:  58
 iteration:  59
 iteration:  60
 iteration:  61
 iteration:  62
 iteration:  63
 iteration:  64
 iteration:  65
 iteration:  66
 iteration:  67
 iteration:  68
 iteration:  69
 iteration:  70
 iteration:  71
 iteration:  72
 iteration:  73
 iteration:  74
 iteration:  75
 iteration:  76
 iteration:  77
 iteration:  78
 iteration:  79
 iteration:  80
 iteration:  81
 iteration:  82
 iteration:  83
 iteration:  84
 iteration:  85
 iteration:  86
 iteration:  87
 iteration:  88
 iteration:  89
 iteration:  90
 iteration:  91
 iteration:  92
 iteration:  93
 iteration:  94
 iteration:  95
 iteration:  96
 iteration:  97
 iteration:  98
 iteration:  99
 iteration:  100
 iteration:  101
 iteration:  102
 iteration:  103
 iteration:  104
 iteration:  105
 iteration:  106
 iteration:  107
 iteration:  108
 iteration:  109
 iteration:  110
 iteration:  111
 iteration:  112
 iteration:  113
 iteration:  114
 iteration:  115
 iteration:  116
 iteration:  117
 iteration:  118
 iteration:  119
 iteration:  120
 iteration:  121
 iteration:  122
 iteration:  123
 iteration:  124
 iteration:  125
 iteration:  126
 iteration:  127
 iteration:  128
 iteration:  129
 iteration:  130
 iteration:  131
 iteration:  132
 iteration:  133
 iteration:  134
 iteration:  135
 iteration:  136
 iteration:  137
 iteration:  138
 iteration:  139
 iteration:  140
 iteration:  141
 iteration:  142
 iteration:  143
 iteration:  144
 iteration:  145
 iteration:  146
 iteration:  147
 iteration:  148
 iteration:  149
 iteration:  150
 iteration:  151
 iteration:  152
 iteration:  153
 iteration:  154
 iteration:  155
 iteration:  156
 iteration:  157
 iteration:  158
 iteration:  159
 iteration:  160
 iteration:  161
 iteration:  162
 iteration:  163
 iteration:  164
 iteration:  165
 iteration:  166
 iteration:  167
 iteration:  168
 iteration:  169
 iteration:  170
 iteration:  171
 iteration:  172
 iteration:  173
 iteration:  174
 iteration:  175
 iteration:  176
 iteration:  177
 iteration:  178
 iteration:  179
 iteration:  180
 iteration:  181
 iteration:  182
 iteration:  183
 iteration:  184
 iteration:  185
 iteration:  186
 iteration:  187
 iteration:  188
 iteration:  189
 iteration:  190
 iteration:  191
 iteration:  192
 iteration:  193
 iteration:  194
 iteration:  195
 iteration:  196
 iteration:  197
 iteration:  198
 iteration:  199
 iteration:  200
 iteration:  201
 iteration:  202
 iteration:  203
 iteration:  204
 iteration:  205
 iteration:  206
 iteration:  207
 iteration:  208
 iteration:  209
 iteration:  210
 iteration:  211
 iteration:  212
 iteration:  213
 iteration:  214
 iteration:  215
## Finish :)</code></pre>
<div class="sourceCode"><pre class="sourceCode r"><code class="sourceCode r"><span class="kw">show</span>(cl_GK)</code></pre></div>
<pre><code>## Function call: fuzzy.GK(X = iris[, 1:4], K = 3, m = 2, RandomNumber = 1234)
## Gustafson Kessel Clustering
## Function objective: 31.5266810464968
## Membership &amp; Label Matrix:
## 
##            Cluster 1   Cluster 2   Cluster 3   Label
## --------  ----------  ----------  ----------  ------
## Obs 1          0.003       0.995       0.001       2
## Obs 2          0.032       0.957       0.011       2
## Obs 3          0.015       0.979       0.005       2
## Obs 4          0.024       0.967       0.009       2
## Obs 5          0.006       0.992       0.002       2
## Obs 6          0.027       0.962       0.011       2
## Obs 7          0.041       0.944       0.015       2
## Obs 8          0.003       0.995       0.001       2
## Obs 9          0.051       0.932       0.017       2
## Obs 10         0.037       0.948       0.015       2
## Obs 11         0.015       0.979       0.006       2
## Obs 12         0.021       0.970       0.009       2
## Obs 13         0.037       0.949       0.014       2
## Obs 14         0.075       0.899       0.026       2
## Obs 15         0.050       0.929       0.022       2
## Obs 16         0.040       0.942       0.018       2
## Obs 17         0.042       0.942       0.016       2
## Obs 18         0.007       0.990       0.003       2
## Obs 19         0.036       0.949       0.015       2
## Obs 20         0.014       0.980       0.006       2
## Obs 21         0.047       0.933       0.020       2
## Obs 22         0.027       0.963       0.010       2
## Obs 23         0.074       0.898       0.028       2
## Obs 24         0.088       0.884       0.028       2
## Obs 25         0.081       0.879       0.041       2
## Obs 26         0.050       0.932       0.018       2
## Obs 27         0.029       0.961       0.010       2
## Obs 28         0.008       0.989       0.003       2
## Obs 29         0.013       0.982       0.005       2
## Obs 30         0.026       0.964       0.010       2
## Obs 31         0.025       0.965       0.009       2
## Obs 32         0.052       0.929       0.019       2
## Obs 33         0.042       0.937       0.021       2
## Obs 34         0.027       0.960       0.013       2
## Obs 35         0.018       0.976       0.006       2
## Obs 36         0.036       0.952       0.012       2
## Obs 37         0.045       0.938       0.018       2
## Obs 38         0.023       0.967       0.010       2
## Obs 39         0.049       0.935       0.016       2
## Obs 40         0.006       0.992       0.002       2
## Obs 41         0.018       0.976       0.006       2
## Obs 42         0.229       0.710       0.061       2
## Obs 43         0.050       0.932       0.018       2
## Obs 44         0.132       0.823       0.045       2
## Obs 45         0.064       0.908       0.028       2
## Obs 46         0.041       0.947       0.012       2
## Obs 47         0.022       0.968       0.010       2
## Obs 48         0.019       0.974       0.007       2
## Obs 49         0.010       0.986       0.004       2
## Obs 50         0.006       0.992       0.002       2
## Obs 51         0.724       0.029       0.247       1
## Obs 52         0.788       0.015       0.197       1
## Obs 53         0.777       0.013       0.210       1
## Obs 54         0.700       0.025       0.274       1
## Obs 55         0.756       0.011       0.234       1
## Obs 56         0.631       0.019       0.351       1
## Obs 57         0.688       0.017       0.295       1
## Obs 58         0.772       0.052       0.176       1
## Obs 59         0.791       0.015       0.194       1
## Obs 60         0.589       0.032       0.378       1
## Obs 61         0.676       0.068       0.257       1
## Obs 62         0.692       0.019       0.289       1
## Obs 63         0.648       0.051       0.302       1
## Obs 64         0.805       0.007       0.188       1
## Obs 65         0.749       0.043       0.208       1
## Obs 66         0.753       0.027       0.220       1
## Obs 67         0.542       0.021       0.438       1
## Obs 68         0.639       0.042       0.319       1
## Obs 69         0.530       0.036       0.433       1
## Obs 70         0.852       0.016       0.132       1
## Obs 71         0.314       0.017       0.669       3
## Obs 72         0.840       0.018       0.142       1
## Obs 73         0.676       0.009       0.315       1
## Obs 74         0.567       0.026       0.406       1
## Obs 75         0.850       0.014       0.136       1
## Obs 76         0.780       0.020       0.200       1
## Obs 77         0.742       0.015       0.244       1
## Obs 78         0.598       0.008       0.393       1
## Obs 79         0.817       0.005       0.177       1
## Obs 80         0.836       0.037       0.127       1
## Obs 81         0.840       0.019       0.141       1
## Obs 82         0.803       0.030       0.167       1
## Obs 83         0.932       0.008       0.061       1
## Obs 84         0.485       0.009       0.505       3
## Obs 85         0.478       0.030       0.492       3
## Obs 86         0.597       0.033       0.370       1
## Obs 87         0.801       0.012       0.187       1
## Obs 88         0.654       0.030       0.317       1
## Obs 89         0.753       0.023       0.224       1
## Obs 90         0.798       0.014       0.188       1
## Obs 91         0.559       0.028       0.413       1
## Obs 92         0.831       0.008       0.162       1
## Obs 93         0.928       0.007       0.066       1
## Obs 94         0.784       0.050       0.166       1
## Obs 95         0.830       0.009       0.161       1
## Obs 96         0.693       0.032       0.275       1
## Obs 97         0.820       0.013       0.167       1
## Obs 98         0.923       0.006       0.071       1
## Obs 99         0.703       0.097       0.201       1
## Obs 100        0.910       0.006       0.084       1
## Obs 101        0.165       0.018       0.817       3
## Obs 102        0.180       0.011       0.810       3
## Obs 103        0.242       0.007       0.751       3
## Obs 104        0.440       0.011       0.549       3
## Obs 105        0.109       0.006       0.886       3
## Obs 106        0.601       0.013       0.386       1
## Obs 107        0.347       0.043       0.610       3
## Obs 108        0.618       0.015       0.366       1
## Obs 109        0.549       0.014       0.437       1
## Obs 110        0.173       0.015       0.812       3
## Obs 111        0.137       0.008       0.855       3
## Obs 112        0.159       0.005       0.836       3
## Obs 113        0.068       0.004       0.928       3
## Obs 114        0.209       0.022       0.769       3
## Obs 115        0.127       0.026       0.847       3
## Obs 116        0.062       0.007       0.931       3
## Obs 117        0.452       0.006       0.542       3
## Obs 118        0.604       0.022       0.374       1
## Obs 119        0.520       0.024       0.456       1
## Obs 120        0.562       0.023       0.415       1
## Obs 121        0.063       0.005       0.932       3
## Obs 122        0.143       0.015       0.842       3
## Obs 123        0.619       0.018       0.364       1
## Obs 124        0.207       0.009       0.784       3
## Obs 125        0.198       0.007       0.794       3
## Obs 126        0.663       0.011       0.326       1
## Obs 127        0.167       0.007       0.826       3
## Obs 128        0.161       0.005       0.834       3
## Obs 129        0.116       0.006       0.878       3
## Obs 130        0.626       0.016       0.359       1
## Obs 131        0.587       0.013       0.401       1
## Obs 132        0.646       0.024       0.330       1
## Obs 133        0.099       0.007       0.894       3
## Obs 134        0.675       0.007       0.318       1
## Obs 135        0.445       0.039       0.516       3
## Obs 136        0.281       0.020       0.699       3
## Obs 137        0.120       0.014       0.866       3
## Obs 138        0.457       0.009       0.534       3
## Obs 139        0.174       0.007       0.818       3
## Obs 140        0.124       0.008       0.869       3
## Obs 141        0.059       0.007       0.934       3
## Obs 142        0.168       0.030       0.802       3
## Obs 143        0.180       0.011       0.810       3
## Obs 144        0.082       0.005       0.914       3
## Obs 145        0.070       0.009       0.921       3
## Obs 146        0.118       0.018       0.865       3
## Obs 147        0.244       0.018       0.738       3
## Obs 148        0.037       0.002       0.961       3
## Obs 149        0.132       0.015       0.853       3
## Obs 150        0.266       0.011       0.723       3
## 
## Centroid:
## 
##              Sepal.Length   Sepal.Width   Petal.Length   Petal.Width
## ----------  -------------  ------------  -------------  ------------
## Cluster 1           6.128         2.802          4.510         1.402
## Cluster 2           5.014         3.438          1.465         0.244
## Cluster 3           6.398         2.975          5.305         2.015</code></pre>
</div>
<div id="gath-geva" class="section level3">
<h3>Gath Geva</h3>
<p><code>fuzzy.GG()</code> perform Gath Geva analysis. More description of this function (parameter setting, description, and return value) explained via <code>?fuzzy.GG</code> This algorithm used to get hyperellipsodial cluster. Use membership that resulted from <code>fuzzy.CM</code> as initial membership to get best result.</p>
<div class="sourceCode"><pre class="sourceCode r"><code class="sourceCode r"><span class="kw">library</span>(advclust)
<span class="kw">data</span>(iris)
<span class="kw">fuzzy.GG</span>(<span class="dt">X=</span>iris[,<span class="dv">1</span>:<span class="dv">4</span>],<span class="dt">K =</span> <span class="dv">3</span>,<span class="dt">m =</span> <span class="dv">2</span>,<span class="dt">RandomNumber =</span> <span class="dv">1234</span>)-&gt;cl_GG</code></pre></div>
<pre><code>## Maximum Iteration 1000 will be used.
## Default threshold 1e-9 will be used.
## 
## Membership initialiazed randomly
## 
## 
 iteration:  1
 iteration:  2
 iteration:  3
 iteration:  4
 iteration:  5
 iteration:  6
 iteration:  7
 iteration:  8
 iteration:  9
 iteration:  10
 iteration:  11
 iteration:  12
 iteration:  13
 iteration:  14
 iteration:  15
 iteration:  16
 iteration:  17
 iteration:  18
 iteration:  19
 iteration:  20
 iteration:  21
 iteration:  22
 iteration:  23
 iteration:  24
 iteration:  25
 iteration:  26
 iteration:  27
 iteration:  28
 iteration:  29
 iteration:  30
 iteration:  31
 iteration:  32
 iteration:  33
 iteration:  34
 iteration:  35
 iteration:  36
 iteration:  37
 iteration:  38
 iteration:  39
 iteration:  40
 iteration:  41
 iteration:  42
 iteration:  43
 iteration:  44
 iteration:  45
 iteration:  46
 iteration:  47
 iteration:  48
 iteration:  49
 iteration:  50
 iteration:  51
 iteration:  52
 iteration:  53
 iteration:  54
 iteration:  55
 iteration:  56
 iteration:  57
 iteration:  58
 iteration:  59
 iteration:  60
 iteration:  61
 iteration:  62
 iteration:  63
 iteration:  64
 iteration:  65
 iteration:  66
 iteration:  67
 iteration:  68
 iteration:  69
 iteration:  70
 iteration:  71
 iteration:  72
 iteration:  73
 iteration:  74
 iteration:  75
 iteration:  76
 iteration:  77
 iteration:  78
 iteration:  79
 iteration:  80
 iteration:  81
 iteration:  82
 iteration:  83
 iteration:  84
 iteration:  85
 iteration:  86
 iteration:  87
 iteration:  88
 iteration:  89
 iteration:  90
 iteration:  91
 iteration:  92
 iteration:  93
 iteration:  94
 iteration:  95
 iteration:  96
 iteration:  97
 iteration:  98
 iteration:  99
 iteration:  100
 iteration:  101
 iteration:  102
 iteration:  103
 iteration:  104
 iteration:  105
 iteration:  106
 iteration:  107
 iteration:  108
 iteration:  109
 iteration:  110
 iteration:  111
 iteration:  112
 iteration:  113
 iteration:  114
 iteration:  115
 iteration:  116
 iteration:  117
 iteration:  118
 iteration:  119
 iteration:  120
 iteration:  121
 iteration:  122
 iteration:  123
 iteration:  124
 iteration:  125
 iteration:  126
 iteration:  127
 iteration:  128
 iteration:  129
 iteration:  130
 iteration:  131
 iteration:  132
 iteration:  133
 iteration:  134
 iteration:  135
 iteration:  136
 iteration:  137
 iteration:  138
 iteration:  139
 iteration:  140
 iteration:  141
 iteration:  142
 iteration:  143
 iteration:  144
 iteration:  145
 iteration:  146
 iteration:  147
 iteration:  148
 iteration:  149
 iteration:  150
 iteration:  151
 iteration:  152
 iteration:  153
 iteration:  154
 iteration:  155
 iteration:  156
 iteration:  157
 iteration:  158
 iteration:  159
 iteration:  160
 iteration:  161
 iteration:  162
 iteration:  163
 iteration:  164
 iteration:  165
 iteration:  166
 iteration:  167
 iteration:  168
 iteration:  169
 iteration:  170
 iteration:  171
 iteration:  172
 iteration:  173
 iteration:  174
 iteration:  175
 iteration:  176
 iteration:  177
 iteration:  178
 iteration:  179
 iteration:  180
 iteration:  181
 iteration:  182
 iteration:  183
 iteration:  184
 iteration:  185
 iteration:  186
 iteration:  187
 iteration:  188
 iteration:  189
 iteration:  190
 iteration:  191
 iteration:  192
 iteration:  193
 iteration:  194
 iteration:  195
 iteration:  196
 iteration:  197
 iteration:  198
 iteration:  199
 iteration:  200
 iteration:  201
 iteration:  202
 iteration:  203
 iteration:  204
 iteration:  205
 iteration:  206
 iteration:  207
## Finish :)</code></pre>
<div class="sourceCode"><pre class="sourceCode r"><code class="sourceCode r"><span class="kw">show</span>(cl_GG)</code></pre></div>
<pre><code>## Function call: fuzzy.GG(X = iris[, 1:4], K = 3, m = 2, RandomNumber = 1234)
## Gath Geva Clustering
## Function objective: 6.37182273445943e+60
## Membership &amp; Label Matrix:
## 
##            Cluster 1   Cluster 2   Cluster 3   Label
## --------  ----------  ----------  ----------  ------
## Obs 1          0.004       0.995       0.001       2
## Obs 2          0.048       0.940       0.012       2
## Obs 3          0.017       0.979       0.004       2
## Obs 4          0.035       0.955       0.010       2
## Obs 5          0.006       0.992       0.002       2
## Obs 6          0.025       0.966       0.008       2
## Obs 7          0.053       0.932       0.015       2
## Obs 8          0.005       0.993       0.002       2
## Obs 9          0.073       0.909       0.018       2
## Obs 10         0.050       0.934       0.015       2
## Obs 11         0.021       0.973       0.007       2
## Obs 12         0.029       0.961       0.009       2
## Obs 13         0.052       0.934       0.015       2
## Obs 14         0.065       0.918       0.017       2
## Obs 15         0.058       0.921       0.020       2
## Obs 16         0.056       0.923       0.021       2
## Obs 17         0.055       0.927       0.018       2
